0.8112910985946655
0.8877546787261963
0.8898527026176453
0.9083888530731201
0.9819315671920776
0.8756911754608154
0.8699887990951538
0.849563479423523
0.9373568892478943
0.8754594326019287
0.8481767177581787
0.8220044374465942
0.9030193090438843
0.7953213453292847
0.8537871241569519
0.8722405433654785
0.9533634185791016
0.8991549611091614
0.8948434591293335
0.7942391633987427
0.9612501263618469
0.9036262631416321
0.9428809881210327
0.8284928798675537
0.9003726243972778
0.8537558317184448
0.8198431134223938
0.7968719005584717
0.8357937932014465
0.9199230074882507
0.8692094087600708
0.8146668076515198
0.9018990397453308
0.7804165482521057
0.8484971523284912
0.8202390670776367
0.8394746780395508
0.9170488715171814
0.9276416301727295
0.8373486995697021
0.914635181427002
0.9898883104324341
1.000000238418579
0.9422546625137329
0.9562592506408691
0.997286319732666
0.9791538715362549
0.9999998807907104
0.9088534116744995
0.9999998807907104
1.0
0.9801355600357056
0.9138357639312744