0.7447905540466309
0.8871161937713623
0.9930592179298401
1.0
0.99425208568573
0.8777904510498047
1.0000001192092896
0.8474040627479553
0.9373568892478943
0.9356000423431396
0.9981677532196045
1.0
1.0000001192092896
1.0
1.000000238418579
1.0000001192092896
1.0
0.9999998807907104
1.0000001192092896
0.9959015846252441
1.0
0.9839125871658325
0.976650059223175
1.0
0.9907124042510986
1.0000001192092896
0.3449314832687378
0.7800120115280151
0.9999998807907104
1.0
0.9843461513519287
0.9984803199768066
0.9753186702728271
0.8204813599586487
0.9324593544006348
0.9964693188667297
1.000000238418579
1.0
0.9554623365402222
0.9928411841392517
0.9999998807907104
1.0000001192092896
1.000000238418579
0.9689581394195557
0.9999998807907104
1.0
0.9791538715362549
0.9554337859153748
0.9088534116744995
0.9828240275382996
0.8862834572792053
1.0
0.9305395483970642